250
1925
245 248 0.221068
244 249 0.650677
240 242 0.608158
239 248 0.383130
237 239 0.020314
236 239 0.386525
234 247 0.520875
230 249 0.665543
230 238 0.012317
228 235 0.087298
228 243 0.626859
227 236 0.488386
226 234 0.409308
226 231 0.242816
225 230 0.476250
224 231 0.144630
224 236 0.552650
224 249 0.763138
223 240 0.451307
223 241 0.696224
223 243 0.007375
221 234 0.757831
221 240 0.129663
220 235 0.097555
220 244 0.175166
220 223 0.144222
220 249 0.071873
219 231 0.556849
217 225 0.378701
217 229 0.812767
216 231 0.952962
216 232 0.568602
216 236 0.669981
215 237 0.658326
215 230 0.037072
214 223 0.994170
214 248 0.725542
214 220 0.499447
213 224 0.949422
213 242 0.311240
213 219 0.500213
213 225 0.996293
213 235 0.913804
213 244 0.287077
212 213 0.376672
212 240 0.245849
211 224 0.414996
211 230 0.865760
211 217 0.540958
210 236 0.607804
209 231 0.898608
209 225 0.279747
209 243 0.406688
209 232 0.034531
208 226 0.872980
208 246 0.252640
207 231 0.653830
206 240 0.167247
205 242 0.176211
205 225 0.844509
204 216 0.480881
204 208 0.550124
204 227 0.690005
204 214 0.133985
204 228 0.744883
203 226 0.286848
203 246 0.976529
203 238 0.664763
203 242 0.546133
202 206 0.443360
201 237 0.060920
201 214 0.281202
201 244 0.490036
201 229 0.459817
201 241 0.163694
199 213 0.664880
199 242 0.502049
197 207 0.188392
197 235 0.699755
197 246 0.103884
197 231 0.345122
196 197 0.301787
196 246 0.749406
196 213 0.426502
196 238 0.156292
195 243 0.345231
194 215 0.920985
194 242 0.139303
194 228 0.966864
193 217 0.906805
193 228 0.148100
192 208 0.411075
192 193 0.905910
192 224 0.887655
192 196 0.253036
192 204 0.237469
191 206 0.310781
191 232 0.567748
191 219 0.714722
191 220 0.138479
191 204 0.336419
190 244 0.519028
190 248 0.199283
190 209 0.506870
190 242 0.488608
190 200 0.059195
190 229 0.006715
190 218 0.335371
190 193 0.143033
189 233 0.416893
189 236 0.153643
189 210 0.968240
189 239 0.999264
189 221 0.951859
189 234 0.314823
189 226 0.437455
188 224 0.974378
188 192 0.768655
188 242 0.445656
188 243 0.247549
187 210 0.701040
187 198 0.848701
187 242 0.795144
187 208 0.123081
186 211 0.663706
186 218 0.104808
185 213 0.776965
185 216 0.535625
185 247 0.755307
185 237 0.010150
184 217 0.199113
184 240 0.861381
184 226 0.143988
184 189 0.492839
184 193 0.801316
184 243 0.517405
184 204 0.937597
184 187 0.184998
183 186 0.168925
183 192 0.510306
182 238 0.028430
182 246 0.389097
182 191 0.527449
182 243 0.782913
182 231 0.550912
182 233 0.419636
181 216 0.104554
181 241 0.570167
181 240 0.178699
180 222 0.878801
180 203 0.586060
180 242 0.679850
179 187 0.716871
179 198 0.929111
179 248 0.319617
179 199 0.493296
179 185 0.867549
179 226 0.144158
179 241 0.547788
179 242 0.592478
179 184 0.169811
178 193 0.954028
178 219 0.660889
178 239 0.522302
178 181 0.356111
178 235 0.557110
178 223 0.872713
178 182 0.156621
177 236 0.717265
177 240 0.944442
177 182 0.093516
177 194 0.110061
176 189 0.101016
176 239 0.959843
176 180 0.511007
176 177 0.174987
176 225 0.682520
176 199 0.597590
175 177 0.508454
175 244 0.038237
175 209 0.132301
175 186 0.415242
174 199 0.614805
174 183 0.590830
173 231 0.004079
173 192 0.858140
173 248 0.110902
173 191 0.045965
173 220 0.485245
172 193 0.604430
171 215 0.651395
171 217 0.804991
171 205 0.263713
171 216 0.473304
170 211 0.379286
170 225 0.412030
170 186 0.722849
169 174 0.061077
169 213 0.976370
169 242 0.991050
169 221 0.994646
169 241 0.018797
169 249 0.981422
169 177 0.823486
168 225 0.262622
168 246 0.121996
168 242 0.375853
168 197 0.867067
168 169 0.982052
168 198 0.094949
167 173 0.011640
167 240 0.099061
167 222 0.079870
167 194 0.025203
166 214 0.956117
166 201 0.229592
166 194 0.849797
166 217 0.278451
166 246 0.640052
166 210 0.310813
166 179 0.726680
165 187 0.428071
165 186 0.227237
165 171 0.641861
164 185 0.099832
164 204 0.656973
164 168 0.314111
163 178 0.866530
163 232 0.944339
163 246 0.939437
163 227 0.533046
161 185 0.241301
161 211 0.738497
161 235 0.818193
161 202 0.585644
161 164 0.915580
160 165 0.308711
160 201 0.423654
160 186 0.380844
160 247 0.845886
159 234 0.336756
159 243 0.096219
159 204 0.303969
159 245 0.203214
158 166 0.722014
158 191 0.948859
157 165 0.492959
157 215 0.392459
157 213 0.518289
157 249 0.780811
157 190 0.877899
157 195 0.411769
157 214 0.117750
156 226 0.480230
156 172 0.243588
156 212 0.112869
156 186 0.959297
156 215 0.723580
156 190 0.547062
155 241 0.072819
155 168 0.711552
155 224 0.899599
155 210 0.903115
154 157 0.389542
154 216 0.299372
154 233 0.851980
154 241 0.059556
154 185 0.398827
153 201 0.086757
153 157 0.089000
153 198 0.009315
153 207 0.426384
152 223 0.500647
152 224 0.065145
152 169 0.317333
152 241 0.597094
152 204 0.808507
152 184 0.718716
151 155 0.743068
151 245 0.358476
151 249 0.059866
151 239 0.732668
150 190 0.640398
150 154 0.123832
150 169 0.188001
149 208 0.167854
149 200 0.709686
149 180 0.313498
149 243 0.725489
149 186 0.660773
149 238 0.346518
149 237 0.489981
148 234 0.693401
148 242 0.514006
148 153 0.813862
148 154 0.007605
148 230 0.810459
147 213 0.330147
147 209 0.658707
147 242 0.669361
147 233 0.204535
147 188 0.230177
146 152 0.059159
146 167 0.344066
146 217 0.651586
146 246 0.797911
146 202 0.898067
146 244 0.842722
145 222 0.597879
145 216 0.501126
145 236 0.441640
144 193 0.299482
144 243 0.041795
144 160 0.331362
144 237 0.071285
144 151 0.290097
144 231 0.649674
143 211 0.446872
143 199 0.520526
143 229 0.044118
143 246 0.107178
142 159 0.368667
142 217 0.292426
142 191 0.709460
142 192 0.075841
142 203 0.481011
142 190 0.505037
141 235 0.364873
141 224 0.237623
141 206 0.171059
141 169 0.646251
141 247 0.926170
140 228 0.936911
140 225 0.617757
140 200 0.604697
140 174 0.470572
140 211 0.521959
139 246 0.560131
139 200 0.863239
139 158 0.233544
139 241 0.000044
139 204 0.472704
139 218 0.302135
139 169 0.230763
138 226 0.641143
138 213 0.416486
138 236 0.523011
138 210 0.892544
138 200 0.867102
138 220 0.829017
137 226 0.546891
137 174 0.569529
137 169 0.448360
137 209 0.577574
137 228 0.235509
136 148 0.587956
136 196 0.809464
136 216 0.063809
136 198 0.432442
136 169 0.844843
136 156 0.205503
136 194 0.314451
136 238 0.967025
136 229 0.358370
136 161 0.306618
135 195 0.034605
135 188 0.944965
135 217 0.566784
135 200 0.399245
135 187 0.216519
135 238 0.897573
135 204 0.992923
135 161 0.540994
135 248 0.191200
135 181 0.453167
134 193 0.652004
134 239 0.379117
134 226 0.073069
134 156 0.940456
134 205 0.155492
134 153 0.722218
134 216 0.142376
134 248 0.433331
133 211 0.716316
133 182 0.358472
133 232 0.821104
133 174 0.767195
133 149 0.316937
133 243 0.726146
133 145 0.819747
132 248 0.349016
132 230 0.528102
132 249 0.409668
132 135 0.851969
132 217 0.231660
131 225 0.933799
131 137 0.047359
131 198 0.226806
131 143 0.597010
130 223 0.185943
130 169 0.785082
130 242 0.975022
130 204 0.323391
130 224 0.134936
130 132 0.756247
130 168 0.542148
130 189 0.045860
130 163 0.592904
130 192 0.335283
129 218 0.708789
129 142 0.902897
129 159 0.790343
129 133 0.660725
129 201 0.180123
129 160 0.725717
129 217 0.520042
128 170 0.497078
128 195 0.834276
128 215 0.840064
127 218 0.785961
127 220 0.213284
127 223 0.634161
127 194 0.330670
127 227 0.735718
127 210 0.752769
127 206 0.596172
127 153 0.266173
127 192 0.977958
127 241 0.147893
127 213 0.292549
58 127 0.773743
58 68 0.868140
58 174 0.360375
58 95 0.651994
58 105 0.755692
58 221 0.968938
58 134 0.047165
58 136 0.821973
58 91 0.590737
58 71 0.072485
58 245 0.228820
58 239 0.035746
58 102 0.636159
58 151 0.782230
58 96 0.705527
58 212 0.091787
58 125 0.814218
57 172 0.216237
57 218 0.970820
57 125 0.764337
57 217 0.476010
57 223 0.010815
57 108 0.884954
57 121 0.154553
57 240 0.882985
57 71 0.494289
56 185 0.791713
56 199 0.242882
56 91 0.244321
56 206 0.764778
56 148 0.965226
56 227 0.920597
56 161 0.664393
56 103 0.145990
56 190 0.634043
56 184 0.329364
56 77 0.270802
56 167 0.392404
56 138 0.529679
56 230 0.679801
55 199 0.562707
55 234 0.106223
55 126 0.393021
55 230 0.070025
55 208 0.397194
55 92 0.983660
55 106 0.797717
55 69 0.716413
55 186 0.690867
55 99 0.403799
55 166 0.270868
55 136 0.723393
55 107 0.787263
54 96 0.955385
54 154 0.018792
54 219 0.916246
54 156 0.629588
54 106 0.621474
54 88 0.672504
54 217 0.026896
54 134 0.391886
53 74 0.990428
53 88 0.219561
53 205 0.528165
53 57 0.234119
53 95 0.134804
53 211 0.877199
53 237 0.442801
53 100 0.674915
53 85 0.828938
53 191 0.258304
53 186 0.273745
53 168 0.748351
53 221 0.108528
53 106 0.940404
53 72 0.287481
52 210 0.087337
52 177 0.069284
52 198 0.061703
52 76 0.889287
52 212 0.582296
52 194 0.755345
52 130 0.891525
52 135 0.240048
52 222 0.680334
52 229 0.565259
52 224 0.537346
52 58 0.670511
52 145 0.006493
51 206 0.920845
51 146 0.296372
51 245 0.289465
51 214 0.917402
51 185 0.980009
51 249 0.081006
51 99 0.914468
51 215 0.644181
51 227 0.565823
51 56 0.854403
51 212 0.388013
51 166 0.114845
51 52 0.012932
50 221 0.772114
50 158 0.359131
50 57 0.984667
50 114 0.615312
50 246 0.484858
50 75 0.902384
50 220 0.286993
50 116 0.314027
50 108 0.389138
50 82 0.764226
50 112 0.453242
49 156 0.406889
49 60 0.156762
49 242 0.471207
49 153 0.468941
49 177 0.849061
49 61 0.426666
49 72 0.049688
49 70 0.695393
49 215 0.970744
49 207 0.970370
49 135 0.094040
49 187 0.694121
49 200 0.716669
49 79 0.047754
49 50 0.894488
49 201 0.154653
48 71 0.879240
48 157 0.807445
48 181 0.269685
48 190 0.166409
48 240 0.522383
48 87 0.337964
48 159 0.828268
48 130 0.609215
48 78 0.874967
48 189 0.949957
48 218 0.717767
48 85 0.864768
47 228 0.032974
47 144 0.653834
47 68 0.147167
47 128 0.592330
47 102 0.421449
47 187 0.245395
47 51 0.416286
47 134 0.624803
47 218 0.726400
47 192 0.344509
47 130 0.243679
46 212 0.968793
46 247 0.892496
46 128 0.158271
46 231 0.549946
46 61 0.696931
46 206 0.448192
46 90 0.229856
46 246 0.098118
46 199 0.811553
46 118 0.264949
46 105 0.194814
45 116 0.767084
45 91 0.230498
45 227 0.443018
45 238 0.444309
45 165 0.329646
45 221 0.773798
45 216 0.659373
45 86 0.145053
45 166 0.049353
45 79 0.979813
45 182 0.701266
45 240 0.033846
45 193 0.982438
45 48 0.226577
45 55 0.290245
45 171 0.724811
45 197 0.582995
45 70 0.398073
44 157 0.801293
44 179 0.315724
44 240 0.970637
44 58 0.500214
44 68 0.904346
44 94 0.139829
44 172 0.065821
44 96 0.383348
44 104 0.486590
44 117 0.104803
44 219 0.701660
44 80 0.795390
44 226 0.708132
44 139 0.660646
43 79 0.584515
43 117 0.500361
43 206 0.806831
43 103 0.909477
43 217 0.260891
43 230 0.002766
43 56 0.751390
43 109 0.598417
43 46 0.897716
43 75 0.829145
43 126 0.871422
43 68 0.723928
43 124 0.842030
43 211 0.967775
42 78 0.189653
42 161 0.588845
42 190 0.375588
42 197 0.744634
42 158 0.355378
42 198 0.145884
42 86 0.853165
42 155 0.849239
42 242 0.485292
42 154 0.549888
42 105 0.803328
42 152 0.172176
42 174 0.616610
41 115 0.590784
41 48 0.244958
41 77 0.399129
41 164 0.301349
41 152 0.941060
41 188 0.770902
41 175 0.914053
41 50 0.743728
41 108 0.475031
41 98 0.089822
41 192 0.803091
41 132 0.172336
40 200 0.476735
40 55 0.369695
40 149 0.083533
40 58 0.428317
40 180 0.980546
40 50 0.680560
40 248 0.889363
40 226 0.422580
40 110 0.293403
40 52 0.135505
40 104 0.107818
40 204 0.580408
39 132 0.871295
39 191 0.103187
39 146 0.262382
39 159 0.191636
39 237 0.877296
39 216 0.207903
39 165 0.678034
39 223 0.831832
39 102 0.060440
39 69 0.688195
39 127 0.812667
39 202 0.957867
38 164 0.747394
38 39 0.925206
38 50 0.475497
38 129 0.915749
38 51 0.023297
38 74 0.114918
38 239 0.213114
38 96 0.214116
38 109 0.481416
38 173 0.098071
38 43 0.078052
37 124 0.937876
37 73 0.059349
37 216 0.394589
37 98 0.647979
37 198 0.560087
37 123 0.276102
37 157 0.724334
37 209 0.014150
37 177 0.441284
37 148 0.281552
37 83 0.434674
37 150 0.023945
37 59 0.281977
37 225 0.054244
37 192 0.041636
37 213 0.426494
37 97 0.642211
37 242 0.029119
36 146 0.108764
36 215 0.202821
36 182 0.815215
36 212 0.671645
36 131 0.151876
36 53 0.747695
36 174 0.556444
36 120 0.934856
36 163 0.005198
36 86 0.258479
36 202 0.801402
36 113 0.149428
36 63 0.075130
36 179 0.485380
36 239 0.471123
36 181 0.681576
35 191 0.246276
35 107 0.426166
35 65 0.367424
35 223 0.004931
35 109 0.830832
35 166 0.744881
35 118 0.532552
35 53 0.854244
35 121 0.569417
35 43 0.495384
34 243 0.709272
34 48 0.910092
34 171 0.786810
34 83 0.081158
34 207 0.509970
34 209 0.524819
34 105 0.649432
34 231 0.565120
34 49 0.921343
34 159 0.282319
33 214 0.449866
33 153 0.227050
33 54 0.342201
33 228 0.874360
33 150 0.970642
33 241 0.787448
33 247 0.847242
33 73 0.718656
33 56 0.424948
33 114 0.429005
33 172 0.053127
33 145 0.525792
33 110 0.101946
33 173 0.619273
33 146 0.183191
33 204 0.718743
32 237 0.780153
32 168 0.917606
32 201 0.745303
32 123 0.434407
32 155 0.292594
32 49 0.616487
32 249 0.871298
32 120 0.671958
32 178 0.935099
32 204 0.297086
32 146 0.532501
32 212 0.576803
32 209 0.733438
32 122 0.780575
31 197 0.455117
31 200 0.310966
31 223 0.969478
31 69 0.099024
31 192 0.918549
31 105 0.073023
31 248 0.853235
31 103 0.350487
31 114 0.141735
31 56 0.743485
31 82 0.229992
31 245 0.842843
31 71 0.393366
31 42 0.031986
31 58 0.312013
31 145 0.979128
31 178 0.402540
31 241 0.417057
31 183 0.499609
30 234 0.602150
30 48 0.464275
30 143 0.337203
30 95 0.077770
30 94 0.353910
30 210 0.846482
30 184 0.245958
30 126 0.968223
30 32 0.504756
30 207 0.592538
30 64 0.538428
30 226 0.030985
30 131 0.154046
30 218 0.065487
30 102 0.603126
30 40 0.578450
29 219 0.417642
29 50 0.396032
29 200 0.152928
29 135 0.946846
29 144 0.614981
29 54 0.562484
29 120 0.223277
29 30 0.799150
29 180 0.248213
29 162 0.246293
29 214 0.516465
29 110 0.505873
29 226 0.921790
29 235 0.916530
12 95 0.214933
12 79 0.778970
12 105 0.297769
12 206 0.460378
12 219 0.938532
12 24 0.492955
12 115 0.058246
12 123 0.672234
12 101 0.753795
12 96 0.024670
12 212 0.336465
12 199 0.666973
12 122 0.407792
12 209 0.764592
12 110 0.149896
12 197 0.760990
11 239 0.259015
11 110 0.963146
11 229 0.845466
11 177 0.154919
11 187 0.844527
11 216 0.188338
11 54 0.983381
11 228 0.311806
11 150 0.078114
11 178 0.306276
11 183 0.856110
11 27 0.732047
11 109 0.070653
11 211 0.665590
11 182 0.515112
11 104 0.797479
11 147 0.887897
11 242 0.561851
11 184 0.800874
10 114 0.223030
10 61 0.693605
10 112 0.566149
10 38 0.534532
10 59 0.223078
10 146 0.608470
10 218 0.188323
10 188 0.147927
10 229 0.875245
10 84 0.500947
10 87 0.181806
10 58 0.515364
10 157 0.323282
10 111 0.888555
10 179 0.465425
10 208 0.706313
9 31 0.679203
9 212 0.440900
9 105 0.740781
9 66 0.657470
9 220 0.187263
9 208 0.946796
9 65 0.365578
9 130 0.184281
9 143 0.119824
9 177 0.672949
8 39 0.743220
8 79 0.988480
8 14 0.021869
8 237 0.110163
8 202 0.243199
8 241 0.879053
8 32 0.942091
8 9 0.542856
7 14 0.477600
7 91 0.066032
7 65 0.311556
7 60 0.583538
7 34 0.688563
7 125 0.933550
7 99 0.866255
7 95 0.332931
7 56 0.000808
6 144 0.808548
6 215 0.710749
6 45 0.392732
6 219 0.502461
6 90 0.467350
6 20 0.178781
6 194 0.471254
6 201 0.250376
6 110 0.392561
6 208 0.332455
6 91 0.876317
6 156 0.911542
6 68 0.694395
6 198 0.711654
6 73 0.764527
5 178 0.304621
5 90 0.982201
5 164 0.356404
5 34 0.731213
5 200 0.262062
5 240 0.126269
5 9 0.515285
5 105 0.187695
5 249 0.497295
5 42 0.547194
5 158 0.457766
5 29 0.820509
5 116 0.733333
5 166 0.750292
5 30 0.577597
4 227 0.631016
4 165 0.358400
4 154 0.563440
4 148 0.095854
4 132 0.933335
4 161 0.040449
4 146 0.296882
4 29 0.138834
4 159 0.172273
4 43 0.366095
4 210 0.495979
4 36 0.905230
4 57 0.387764
4 231 0.823515
4 23 0.303243
4 179 0.029552
4 245 0.696633
4 156 0.212901
4 147 0.300665
4 176 0.302519
4 60 0.637630
3 68 0.517841
3 228 0.223320
3 54 0.142765
3 84 0.595063
3 160 0.652250
3 212 0.575927
3 163 0.788838
3 193 0.281289
3 46 0.654158
3 75 0.468707
3 69 0.148843
3 40 0.507740
3 8 0.223749
3 124 0.902491
3 66 0.460595
3 197 0.731935
3 87 0.217038
3 203 0.308147
3 29 0.643799
3 188 0.676236
2 98 0.893675
2 177 0.085146
2 83 0.785224
2 112 0.298247
2 241 0.121505
2 42 0.332663
2 74 0.992895
2 190 0.435280
2 16 0.939543
2 155 0.658003
2 48 0.622560
2 72 0.728303
2 14 0.819640
2 31 0.207694
2 110 0.827181
2 160 0.650267
1 102 0.948236
1 135 0.075348
1 213 0.939076
1 26 0.083420
1 200 0.674556
1 2 0.678242
1 234 0.499278
1 118 0.945852
1 37 0.558814
1 66 0.645142
1 71 0.945678
1 42 0.669935
1 45 0.530311
1 127 0.873243
1 207 0.698866
1 210 0.790711
0 125 0.753263
0 38 0.258033
0 192 0.706046
0 236 0.819218
0 210 0.463512
0 158 0.846032
0 248 0.190106
0 144 0.807623
0 37 0.350222
0 243 0.408676
0 165 0.510428
0 39 0.728388
0 109 0.051171
0 189 0.255588
0 220 0.320777
13 242 0.699419
13 100 0.609935
13 129 0.339271
13 180 0.630668
13 186 0.194678
13 225 0.714643
13 20 0.910769
13 59 0.633348
13 47 0.753320
13 210 0.734360
13 67 0.605069
13 106 0.638967
13 21 0.647320
13 166 0.063354
13 248 0.764223
14 212 0.858165
14 233 0.526584
14 136 0.936606
14 197 0.101143
14 81 0.518022
14 68 0.799374
14 54 0.290227
14 41 0.752765
14 73 0.904683
14 53 0.281160
14 79 0.412034
14 178 0.929708
14 104 0.301195
15 182 0.310107
15 204 0.815123
15 130 0.896350
15 29 0.359647
15 16 0.155789
15 187 0.259983
15 128 0.413492
15 102 0.547714
15 75 0.014740
15 220 0.800665
15 170 0.904194
15 173 0.853924
15 212 0.275631
15 176 0.339033
15 151 0.914669
15 143 0.620134
16 231 0.870870
16 139 0.593526
16 64 0.410744
16 180 0.173474
16 34 0.827503
16 111 0.147929
16 78 0.319865
16 17 0.447627
16 104 0.140544
16 67 0.373434
16 147 0.192192
16 25 0.717385
16 248 0.830368
16 148 0.426962
16 55 0.493637
16 244 0.113360
17 79 0.875214
17 205 0.103948
17 51 0.759974
17 90 0.573721
17 190 0.616688
17 29 0.574983
17 67 0.990067
17 241 0.778342
17 223 0.919111
17 20 0.138165
17 115 0.195330
17 202 0.678905
17 220 0.841639
17 53 0.530914
17 153 0.600016
17 23 0.536739
17 221 0.538932
17 216 0.362007
18 102 0.089377
18 162 0.951010
18 112 0.832951
18 108 0.710035
18 186 0.584493
18 150 0.891845
18 163 0.298091
18 46 0.100528
18 155 0.854087
18 207 0.328572
18 217 0.074774
19 238 0.883301
19 201 0.001440
19 181 0.706697
19 82 0.020412
19 235 0.270927
19 224 0.328561
19 98 0.722454
19 55 0.560166
19 113 0.830114
19 203 0.664285
19 187 0.523056
19 95 0.701406
19 37 0.070115
19 49 0.994604
20 21 0.559604
20 99 0.594441
20 206 0.697293
20 225 0.418451
20 244 0.857201
20 166 0.676553
20 156 0.912343
20 51 0.178305
20 116 0.647076
20 168 0.673912
21 78 0.591005
21 138 0.107760
21 217 0.156970
21 48 0.777042
21 116 0.010619
21 30 0.469246
21 146 0.597102
21 241 0.796726
21 179 0.164048
21 114 0.598628
21 160 0.532635
21 242 0.461704
21 118 0.885041
21 52 0.912409
22 54 0.306120
22 41 0.234080
22 200 0.729282
22 97 0.256695
22 240 0.398464
22 229 0.047216
22 42 0.682699
22 211 0.757128
22 55 0.035404
23 41 0.614560
23 136 0.480505
23 201 0.397027
23 89 0.518836
23 232 0.781821
23 25 0.189171
23 64 0.909821
23 51 0.643394
23 239 0.272570
23 155 0.747043
23 68 0.168175
23 242 0.182155
23 206 0.434469
23 119 0.122350
24 32 0.928309
24 147 0.452173
24 86 0.861965
24 223 0.478491
24 145 0.205607
24 201 0.113634
24 171 0.231556
24 84 0.829132
24 129 0.171535
24 133 0.175189
24 139 0.760791
24 44 0.459309
24 41 0.163656
24 157 0.547418
25 200 0.917358
25 157 0.595992
25 53 0.341769
25 167 0.998255
25 94 0.764679
25 161 0.457467
25 58 0.096182
25 87 0.199081
25 101 0.967497
25 71 0.057294
25 68 0.652728
25 97 0.461410
25 67 0.893389
26 91 0.216717
26 47 0.336581
26 112 0.948716
26 98 0.302534
26 222 0.229732
26 92 0.898871
26 196 0.333020
26 102 0.208754
27 179 0.190976
27 85 0.066127
27 41 0.963852
27 183 0.746528
27 68 0.883351
27 126 0.282036
27 213 0.316319
27 135 0.499039
27 182 0.222430
27 65 0.093265
27 243 0.596288
27 185 0.217566
27 238 0.851208
27 233 0.662921
27 49 0.680428
28 123 0.193544
28 159 0.038431
28 42 0.197659
28 70 0.582188
28 58 0.921115
28 48 0.204190
28 77 0.777110
28 68 0.804290
28 155 0.970998
28 90 0.399181
28 212 0.044473
28 121 0.295429
28 147 0.523111
28 162 0.547197
28 191 0.508868
28 195 0.359801
59 154 0.908562
59 228 0.669925
59 221 0.656359
59 155 0.467472
59 160 0.238972
59 82 0.050710
59 108 0.394985
59 104 0.471028
59 203 0.076627
59 149 0.303999
59 109 0.375866
59 90 0.767192
59 235 0.532745
59 61 0.410473
59 119 0.072855
59 179 0.535241
60 155 0.084528
60 194 0.464403
60 224 0.053551
60 237 0.323085
60 98 0.152362
60 154 0.221206
60 106 0.181020
60 207 0.882077
60 62 0.646457
60 191 0.475901
60 209 0.979723
61 148 0.394320
61 69 0.665692
61 127 0.375893
61 104 0.852818
61 146 0.960761
61 81 0.998213
61 169 0.345164
61 183 0.838365
61 120 0.672801
61 236 0.934338
61 237 0.881518
61 121 0.386017
61 103 0.597658
62 223 0.607754
62 98 0.317891
62 81 0.574317
62 167 0.632815
62 165 0.161326
62 83 0.446954
62 65 0.685879
62 92 0.429426
63 66 0.961351
63 122 0.321788
63 96 0.361739
63 124 0.507565
63 107 0.219398
63 132 0.948783
63 108 0.919051
63 69 0.707515
64 215 0.393030
64 174 0.679649
64 216 0.615273
64 137 0.825046
64 68 0.883795
64 190 0.452313
64 105 0.199882
64 230 0.458046
64 178 0.902929
64 123 0.932670
64 135 0.810676
64 249 0.967531
65 200 0.954620
65 69 0.472928
65 108 0.907409
65 151 0.399569
65 203 0.421692
65 144 0.361167
65 202 0.752497
65 111 0.349964
65 94 0.019528
65 225 0.505513
65 221 0.991294
65 194 0.923271
65 78 0.666958
65 117 0.331046
65 130 0.181777
65 216 0.735458
65 71 0.186680
65 135 0.691595
66 181 0.275459
66 194 0.923630
66 101 0.692731
66 85 0.211806
66 178 0.973934
66 100 0.477040
66 171 0.706164
66 196 0.325237
66 80 0.532667
66 116 0.768354
66 77 0.690534
66 155 0.930104
66 214 0.227423
66 224 0.797306
66 88 0.321830
66 235 0.742335
66 179 0.244982
67 235 0.654725
67 191 0.637327
67 169 0.399249
67 182 0.896792
67 97 0.886576
67 74 0.172478
67 159 0.812141
67 94 0.503874
67 144 0.054108
67 202 0.691521
67 170 0.949611
68 162 0.035066
68 152 0.216794
68 100 0.029127
68 165 0.387691
68 182 0.908382
68 77 0.374222
68 228 0.068494
68 112 0.760894
69 203 0.217175
69 71 0.296838
69 242 0.123494
69 186 0.806041
69 173 0.681865
69 148 0.896259
69 88 0.320222
70 143 0.191063
70 113 0.060450
70 191 0.278037
70 206 0.139303
70 127 0.025584
70 214 0.721185
70 188 0.990590
70 81 0.845562
70 175 0.648100
70 146 0.199082
70 153 0.347265
70 208 0.179923
70 163 0.387446
71 194 0.141662
71 218 0.065201
71 197 0.037714
71 106 0.320028
71 148 0.322630
71 234 0.814108
71 181 0.812819
71 155 0.816411
71 144 0.027608
71 209 0.798960
71 185 0.360294
71 158 0.160371
71 200 0.276358
71 229 0.796696
72 78 0.739984
72 240 0.271286
72 150 0.092760
72 163 0.763654
72 124 0.099435
72 203 0.995565
72 177 0.241701
72 196 0.719842
72 144 0.502469
72 92 0.285449
73 110 0.081604
73 199 0.039258
73 113 0.482099
73 83 0.424636
73 211 0.763272
73 164 0.787865
73 242 0.305551
74 159 0.422754
74 83 0.267231
74 194 0.099328
74 90 0.024631
74 207 0.537221
74 77 0.578831
74 142 0.285734
74 121 0.005567
74 173 0.791872
74 204 0.199281
74 248 0.968728
74 201 0.821897
75 175 0.817766
75 208 0.301984
75 156 0.197605
75 135 0.345631
75 227 0.053239
75 188 0.312506
75 81 0.489031
75 90 0.622070
75 114 0.912388
75 138 0.620537
76 190 0.498053
76 80 0.107043
76 184 0.029184
76 206 0.173455
76 198 0.819115
76 94 0.990807
76 98 0.507541
76 189 0.302194
77 79 0.999346
77 144 0.770652
77 152 0.296506
77 239 0.060013
77 148 0.440140
77 247 0.898576
77 213 0.800513
77 188 0.718426
77 153 0.849095
77 191 0.639388
77 111 0.741143
77 82 0.394950
78 131 0.556336
78 201 0.806765
78 248 0.701754
78 128 0.906570
78 150 0.248150
78 217 0.495993
78 187 0.971922
78 82 0.741259
78 138 0.201330
79 129 0.002604
79 113 0.200949
79 146 0.673327
79 190 0.068156
79 132 0.681957
79 223 0.562013
79 125 0.601871
79 109 0.452004
79 80 0.843182
79 138 0.566598
79 111 0.727267
79 156 0.623868
79 92 0.115593
79 246 0.271938
79 164 0.445187
80 151 0.799906
80 168 0.096357
80 175 0.080937
80 145 0.110639
80 93 0.184903
80 154 0.938165
80 219 0.727132
80 225 0.390290
81 211 0.416454
81 141 0.518290
81 99 0.082789
81 103 0.107875
81 199 0.889019
81 195 0.363761
81 182 0.414877
81 231 0.625716
82 170 0.383008
82 111 0.928910
82 239 0.167027
82 152 0.002039
82 92 0.022541
82 238 0.349151
82 149 0.372030
82 188 0.474986
82 205 0.938453
82 226 0.381582
82 190 0.871453
82 133 0.187844
82 218 0.557252
82 145 0.264161
83 145 0.717268
83 220 0.358984
83 142 0.674928
83 164 0.893674
83 205 0.770986
83 160 0.235278
84 125 0.048306
84 153 0.051100
84 146 0.267429
84 136 0.989133
84 241 0.157963
84 85 0.774878
84 217 0.773904
84 212 0.139524
84 141 0.830213
85 182 0.415852
85 190 0.269962
85 86 0.987367
85 244 0.427404
85 106 0.076303
85 142 0.723735
85 103 0.885570
86 224 0.253044
86 107 0.099443
86 150 0.038475
86 205 0.682919
86 120 0.223745
86 125 0.096753
86 148 0.133494
86 226 0.476070
86 142 0.072102
86 171 0.776045
86 203 0.599242
86 232 0.889796
86 145 0.310267
86 146 0.272255
86 104 0.080144
86 133 0.973025
86 159 0.452100
86 163 0.133609
87 194 0.549560
87 144 0.237373
87 159 0.396684
87 247 0.943245
87 121 0.397393
87 127 0.775910
88 125 0.410351
88 175 0.313290
88 105 0.538012
88 188 0.499700
88 186 0.661311
88 173 0.411024
88 195 0.415363
88 249 0.351811
88 104 0.936160
88 100 0.578911
88 207 0.367523
88 201 0.545285
88 172 0.635414
88 176 0.804348
89 95 0.117057
89 92 0.037595
89 133 0.155350
89 239 0.846016
89 151 0.240539
89 240 0.337130
89 214 0.218896
89 143 0.749736
89 195 0.840658
89 231 0.543700
90 91 0.998191
90 192 0.652551
90 175 0.653460
90 103 0.330365
90 195 0.346513
90 142 0.887617
90 129 0.251767
90 245 0.799822
90 234 0.980429
90 176 0.932921
90 186 0.048519
90 215 0.552392
90 173 0.941327
91 99 0.516212
91 132 0.750351
91 214 0.813849
91 113 0.796669
91 152 0.700103
91 139 0.694946
92 121 0.540088
92 174 0.082091
92 166 0.627640
92 243 0.573945
92 100 0.886215
92 97 0.824771
92 136 0.310822
92 101 0.664034
92 106 0.150368
92 197 0.860093
92 198 0.697435
92 169 0.754582
92 219 0.732902
92 161 0.316420
92 200 0.850783
92 229 0.523348
93 134 0.657886
93 172 0.406850
93 146 0.867968
93 185 0.859918
93 104 0.750595
93 228 0.363646
93 145 0.467623
93 226 0.456601
94 168 0.894023
94 173 0.966909
94 143 0.705739
94 124 0.154267
94 149 0.989069
94 194 0.365772
94 103 0.437791
94 170 0.021448
94 158 0.191845
95 216 0.379560
95 132 0.758040
95 245 0.488091
95 180 0.006399
95 244 0.392076
96 140 0.243645
96 196 0.460894
96 146 0.364668
96 172 0.871852
96 188 0.883086
96 232 0.022759
96 131 0.214413
96 173 0.598641
96 119 0.201548
96 249 0.963499
97 193 0.642094
97 175 0.748666
97 240 0.418452
97 185 0.581848
97 151 0.109051
97 122 0.497002
97 241 0.617258
97 140 0.464538
97 102 0.698515
97 218 0.031336
98 233 0.845715
98 197 0.432071
98 223 0.127473
98 155 0.230576
98 246 0.223911
98 188 0.664563
98 106 0.880380
98 157 0.258359
98 211 0.821166
99 175 0.858465
99 249 0.076997
99 121 0.645392
99 150 0.448801
99 170 0.048518
99 200 0.075330
99 189 0.679876
99 247 0.058722
99 111 0.218938
99 169 0.937357
99 145 0.480819
99 235 0.835668
99 119 0.349487
99 214 0.834526
100 151 0.610150
100 197 0.973894
100 193 0.968469
100 127 0.947546
100 113 0.583823
100 136 0.557081
100 111 0.230627
100 227 0.440724
100 131 0.201889
100 102 0.937691
100 108 0.181527
100 173 0.407674
100 119 0.933991
100 205 0.964149
100 174 0.655551
101 156 0.412502
101 150 0.426946
101 120 0.573632
101 185 0.542630
102 182 0.008009
102 145 0.641730
102 169 0.226060
102 225 0.386858
102 137 0.414688
102 202 0.058785
102 239 0.247204
102 126 0.097460
103 146 0.703228
103 135 0.030532
103 225 0.893553
103 138 0.829579
103 183 0.933425
103 125 0.451675
103 213 0.055725
103 118 0.195858
103 112 0.620770
103 228 0.790682
103 207 0.722822
103 134 0.684449
103 186 0.219416
103 217 0.880640
103 119 0.524816
104 206 0.176427
104 137 0.318123
104 153 0.413351
104 209 0.457421
104 122 0.127967
104 143 0.484229
104 152 0.177995
105 159 0.575137
105 244 0.693186
105 143 0.939123
105 107 0.913748
105 182 0.936151
105 124 0.479445
105 220 0.157468
105 227 0.086421
106 189 0.232616
106 177 0.538961
106 132 0.619767
106 203 0.800480
106 140 0.928128
106 114 0.568814
106 153 0.923541
107 168 0.117014
107 153 0.418297
107 158 0.091253
107 247 0.495785
107 241 0.839318
107 193 0.589216
108 167 0.653499
108 141 0.613330
108 131 0.681637
108 173 0.904769
108 222 0.416446
108 178 0.243116
108 241 0.478583
108 246 0.347183
108 113 0.513139
108 171 0.221591
108 248 0.614077
108 219 0.411670
109 194 0.641584
109 138 0.288694
109 215 0.010291
109 232 0.211296
109 179 0.012282
109 237 0.072557
109 161 0.808592
109 239 0.171393
109 173 0.099287
109 238 0.438978
109 153 0.013709
109 216 0.182063
109 143 0.628779
110 224 0.793834
110 184 0.124056
110 200 0.481668
110 209 0.772909
110 176 0.952604
110 118 0.948163
110 182 0.355136
110 189 0.482071
110 203 0.551490
110 133 0.830572
110 159 0.830846
110 227 0.501817
111 150 0.134600
111 189 0.779559
111 211 0.805323
111 200 0.793986
111 173 0.111195
111 212 0.935290
111 242 0.409662
112 120 0.370145
112 230 0.974881
112 135 0.573510
112 174 0.412804
112 129 0.206896
112 191 0.057677
112 220 0.587029
112 227 0.561933
112 148 0.733183
112 177 0.047722
113 136 0.199439
113 153 0.851708
113 242 0.011591
113 138 0.406197
113 230 0.724972
113 214 0.553020
114 211 0.526893
114 126 0.450740
114 243 0.160224
114 230 0.941159
114 231 0.660954
115 169 0.530942
115 243 0.005204
115 131 0.064602
115 203 0.675489
115 177 0.509276
115 229 0.689466
115 123 0.106632
115 188 0.267620
115 135 0.690315
115 244 0.037864
116 122 0.103223
116 217 0.829711
116 158 0.694208
116 147 0.485583
116 163 0.682035
116 189 0.461729
116 220 0.749281
116 244 0.293896
116 161 0.778406
117 241 0.624839
117 215 0.101040
117 199 0.655925
117 217 0.622467
117 179 0.896138
117 140 0.384799
117 171 0.877646
117 184 0.544163
117 210 0.419703
117 221 0.136003
117 168 0.718161
118 149 0.370528
118 158 0.853910
118 193 0.085645
118 214 0.016638
118 185 0.613566
118 248 0.729726
118 239 0.283087
118 241 0.864230
118 176 0.555948
118 201 0.502734
119 211 0.737611
119 155 0.705169
119 142 0.469876
119 135 0.953936
119 126 0.689494
119 178 0.714385
119 123 0.530321
120 233 0.768933
120 179 0.864814
120 130 0.296024
120 216 0.810169
120 184 0.324143
120 171 0.631370
120 134 0.239080
120 152 0.365079
120 148 0.547441
121 224 0.042108
121 123 0.133544
121 239 0.950263
121 210 0.295034
121 246 0.720031
121 155 0.341826
121 157 0.245080
121 189 0.027637
122 248 0.373678
122 144 0.977971
122 124 0.860362
122 164 0.028582
122 151 0.384004
122 160 0.405275
122 199 0.700292
122 200 0.434594
123 185 0.536707
123 156 0.480659
123 183 0.436369
123 212 0.125532
123 168 0.620344
123 180 0.251088
123 138 0.402188
123 162 0.381276
123 191 0.952913
123 230 0.840137
124 204 0.332003
124 216 0.720226
124 164 0.123916
124 187 0.552770
125 216 0.114555
125 169 0.001195
125 163 0.164480
125 150 0.905721
125 148 0.660767
125 200 0.697272
125 128 0.091739
125 167 0.485414
125 144 0.878731
125 228 0.597395
125 137 0.190186
125 232 0.373712
126 245 0.602478
126 224 0.566494
126 214 0.740236
126 198 0.205995
126 152 0.129622
126 139 0.008955
126 197 0.604033
126 203 0.057439
126 180 0.427167

